-0.00208189
-0.00189758
-0.00111708
-0.000945978
-0.00118698
-0.00162463
-0.00224253
-0.00305501
-0.00315643
-0.00354783
-0.0044144
-0.00505286
-0.00582658
-0.00702266
-0.00774894
-0.00738937
-0.006595
-0.00593521
-0.00541502
-0.00507866
-0.00532736
-0.00568144
-0.00576747
-0.00601498
-0.00642843
-0.00642843
-0.00601498
-0.00576747
-0.00568144
-0.00532736
-0.00507866
-0.00541502
-0.00593521
-0.006595
-0.00738937
-0.00774894
-0.00702266
-0.00582658
-0.00505286
-0.0044144
-0.00354783
-0.00315643
-0.00305501
-0.00224253
-0.00162463
-0.00118698
-0.000945978
-0.00111708
-0.00189758
-0.00208189
-0.0033747
-0.00173127
-0.000820103
-0.000569833
-0.00108705
-0.00158709
-0.00253899
-0.00336119
-0.00376393
-0.00412047
-0.0045565
-0.00549349
-0.0063994
-0.00699255
-0.00730753
-0.00728806
-0.00668194
-0.00599383
-0.00557323
-0.00552481
-0.0055281
-0.00578588
-0.00630477
-0.00704598
-0.00730945
-0.00730945
-0.00704598
-0.00630477
-0.00578588
-0.0055281
-0.00552481
-0.00557323
-0.00599383
-0.00668194
-0.00728806
-0.00730753
-0.00699255
-0.0063994
-0.00549349
-0.0045565
-0.00412047
-0.00376393
-0.00336119
-0.00253899
-0.00158709
-0.00108705
-0.000569833
-0.000820103
-0.00173127
-0.0033747
0.000269051
-0.000528396
-0.000204751
6.74014e-05
-0.000898698
-0.00167751
-0.00249751
-0.00319314
-0.00397021
-0.00405864
-0.00394204
-0.00447751
-0.00547774
-0.0059453
-0.00623356
-0.00647185
-0.0062682
-0.0057936
-0.00572113
-0.00570315
-0.00554483
-0.00590175
-0.0067845
-0.00768282
-0.00791045
-0.00791045
-0.00768282
-0.0067845
-0.00590175
-0.00554483
-0.00570315
-0.00572113
-0.0057936
-0.0062682
-0.00647185
-0.00623356
-0.0059453
-0.00547774
-0.00447751
-0.00394204
-0.00405864
-0.00397021
-0.00319314
-0.00249751
-0.00167751
-0.000898698
6.74014e-05
-0.000204751
-0.000528396
0.000269051
0.00308691
0.000758751
-4.75935e-05
4.75951e-05
-0.000992794
-0.00165814
-0.00232367
-0.00251799
-0.00335515
-0.00378043
-0.00371248
-0.00416891
-0.00482425
-0.00555261
-0.00632766
-0.00645616
-0.00659939
-0.00636277
-0.00611164
-0.00596005
-0.00599574
-0.00613818
-0.0067378
-0.00749423
-0.00821189
-0.00821189
-0.00749423
-0.0067378
-0.00613818
-0.00599574
-0.00596005
-0.00611164
-0.00636277
-0.00659939
-0.00645616
-0.00632766
-0.00555261
-0.00482425
-0.00416891
-0.00371248
-0.00378043
-0.00335515
-0.00251799
-0.00232367
-0.00165814
-0.000992794
4.75951e-05
-4.75935e-05
0.000758751
0.00308691
0.00365017
0.00209386
0.000177688
-0.000318937
-0.0010163
-0.00159326
-0.00237616
-0.00253259
-0.00278826
-0.00325366
-0.00412145
-0.00449332
-0.00468104
-0.00563461
-0.00663455
-0.00668906
-0.00711421
-0.00726399
-0.00663807
-0.00611394
-0.00627933
-0.006539
-0.00667163
-0.00719087
-0.00811499
-0.00811499
-0.00719087
-0.00667163
-0.006539
-0.00627933
-0.00611394
-0.00663807
-0.00726399
-0.00711421
-0.00668906
-0.00663455
-0.00563461
-0.00468104
-0.00449332
-0.00412145
-0.00325366
-0.00278826
-0.00253259
-0.00237616
-0.00159326
-0.0010163
-0.000318937
0.000177688
0.00209386
0.00365017
0.000405886
0.00217478
0.000246854
-0.000694843
-0.00116258
-0.00105828
-0.00157753
-0.00208289
-0.00246795
-0.00288367
-0.004216
-0.00518988
-0.00572723
-0.00637492
-0.00721357
-0.00787855
-0.00835122
-0.00785898
-0.00738151
-0.00657038
-0.00626219
-0.00624698
-0.00676728
-0.00718474
-0.00733458
-0.00733458
-0.00718474
-0.00676728
-0.00624698
-0.00626219
-0.00657038
-0.00738151
-0.00785898
-0.00835122
-0.00787855
-0.00721357
-0.00637492
-0.00572723
-0.00518988
-0.004216
-0.00288367
-0.00246795
-0.00208289
-0.00157753
-0.00105828
-0.00116258
-0.000694843
0.000246854
0.00217478
0.000405886
0.00110512
0.00205124
0.00147059
7.84918e-05
-0.000811754
-0.00100784
-0.00117637
-0.00123915
-0.00224852
-0.00349943
-0.00453267
-0.00587194
-0.00682608
-0.007414
-0.00786102
-0.00882874
-0.00925001
-0.00831745
-0.0074645
-0.00700085
-0.00649187
-0.00624871
-0.00671097
-0.00704506
-0.00682864
-0.00682864
-0.00704506
-0.00671097
-0.00624871
-0.00649187
-0.00700085
-0.0074645
-0.00831745
-0.00925001
-0.00882874
-0.00786102
-0.007414
-0.00682608
-0.00587194
-0.00453267
-0.00349943
-0.00224852
-0.00123915
-0.00117637
-0.00100784
-0.000811754
7.84918e-05
0.00147059
0.00205124
0.00110512
0.00204169
0.00315794
0.00202992
0.000624573
0.00018464
-0.000762251
-0.00114747
-0.00124187
-0.00218117
-0.00377989
-0.00505596
-0.00620872
-0.00703963
-0.00785283
-0.00838139
-0.00874414
-0.00895277
-0.00837359
-0.00758675
-0.0067987
-0.00647583
-0.00691601
-0.00699163
-0.00660595
-0.00670845
-0.00670845
-0.00660595
-0.00699163
-0.00691601
-0.00647583
-0.0067987
-0.00758675
-0.00837359
-0.00895277
-0.00874414
-0.00838139
-0.00785283
-0.00703963
-0.00620872
-0.00505596
-0.00377989
-0.00218117
-0.00124187
-0.00114747
-0.000762251
0.00018464
0.000624573
0.00202992
0.00315794
0.00204169
0.000924027
0.00351877
0.0015866
7.35053e-05
-0.000138278
-0.000344639
-0.000862378
-0.00152893
-0.00215375
-0.00372152
-0.00478207
-0.00619443
-0.00685189
-0.00765927
-0.00814709
-0.00846007
-0.00836878
-0.00836108
-0.00783401
-0.00684207
-0.00681812
-0.00724657
-0.00721826
-0.00666539
-0.00646412
-0.00646412
-0.00666539
-0.00721826
-0.00724657
-0.00681812
-0.00684207
-0.00783401
-0.00836108
-0.00836878
-0.00846007
-0.00814709
-0.00765927
-0.00685189
-0.00619443
-0.00478207
-0.00372152
-0.00215375
-0.00152893
-0.000862378
-0.000344639
-0.000138278
7.35053e-05
0.0015866
0.00351877
0.000924027
0.00304788
0.00341039
0.0010456
-0.000495735
-0.00104382
-0.00124797
-0.00122504
-0.00175768
-0.00230974
-0.00350354
-0.00441904
-0.00549409
-0.00603251
-0.00680474
-0.00704633
-0.00772982
-0.00774695
-0.00771777
-0.00750703
-0.0074014
-0.00716609
-0.00720651
-0.00723869
-0.00719646
-0.00671436
-0.00671436
-0.00719646
-0.00723869
-0.00720651
-0.00716609
-0.0074014
-0.00750703
-0.00771777
-0.00774695
-0.00772982
-0.00704633
-0.00680474
-0.00603251
-0.00549409
-0.00441904
-0.00350354
-0.00230974
-0.00175768
-0.00122504
-0.00124797
-0.00104382
-0.000495735
0.0010456
0.00341039
0.00304788
0.00591106
0.00355609
-4.57544e-05
-0.00110796
-0.00163989
-0.00171516
-0.00172564
-0.00245907
-0.00280409
-0.00335838
-0.00394639
-0.0050004
-0.00534472
-0.00626721
-0.00640656
-0.00701535
-0.00730991
-0.00765008
-0.00777208
-0.00805113
-0.00786727
-0.00753091
-0.00747092
-0.00773079
-0.00731967
-0.00731967
-0.00773079
-0.00747092
-0.00753091
-0.00786727
-0.00805113
-0.00777208
-0.00765008
-0.00730991
-0.00701535
-0.00640656
-0.00626721
-0.00534472
-0.0050004
-0.00394639
-0.00335838
-0.00280409
-0.00245907
-0.00172564
-0.00171516
-0.00163989
-0.00110796
-4.57544e-05
0.00355609
0.00591106
0.00573024
0.00386006
-0.000118739
-0.00167767
-0.00216251
-0.00232513
-0.00282617
-0.00328879
-0.00366548
-0.00393805
-0.00393315
-0.00446152
-0.00495387
-0.00616242
-0.00631599
-0.00675352
-0.00692851
-0.00770912
-0.00807999
-0.008345
-0.0085237
-0.00853022
-0.00812661
-0.00817247
-0.00829157
-0.00829157
-0.00817247
-0.00812661
-0.00853022
-0.0085237
-0.008345
-0.00807999
-0.00770912
-0.00692851
-0.00675352
-0.00631599
-0.00616242
-0.00495387
-0.00446152
-0.00393315
-0.00393805
-0.00366548
-0.00328879
-0.00282617
-0.00232513
-0.00216251
-0.00167767
-0.000118739
0.00386006
0.00573024
0.00300123
0.0026546
-0.000415603
-0.00225174
-0.00287826
-0.00349722
-0.00414963
-0.00400294
-0.00464422
-0.00489927
-0.00492186
-0.00478061
-0.00516978
-0.00594984
-0.00666941
-0.00727767
-0.0069055
-0.00755806
-0.00838949
-0.00889217
-0.00893876
-0.0091579
-0.00886287
-0.00865675
-0.0089496
-0.0089496
-0.00865675
-0.00886287
-0.0091579
-0.00893876
-0.00889217
-0.00838949
-0.00755806
-0.0069055
-0.00727767
-0.00666941
-0.00594984
-0.00516978
-0.00478061
-0.00492186
-0.00489927
-0.00464422
-0.00400294
-0.00414963
-0.00349722
-0.00287826
-0.00225174
-0.000415603
0.0026546
0.00300123
0.00379641
0.00146178
-0.000583406
-0.00157616
-0.00309718
-0.00386562
-0.0045407
-0.00479671
-0.00561765
-0.00515073
-0.00538986
-0.00547118
-0.00606328
-0.00659783
-0.00714983
-0.00826937
-0.00794732
-0.00802041
-0.0088027
-0.00943159
-0.0096967
-0.00964646
-0.00941983
-0.00929421
-0.00935947
-0.00935947
-0.00929421
-0.00941983
-0.00964646
-0.0096967
-0.00943159
-0.0088027
-0.00802041
-0.00794732
-0.00826937
-0.00714983
-0.00659783
-0.00606328
-0.00547118
-0.00538986
-0.00515073
-0.00561765
-0.00479671
-0.0045407
-0.00386562
-0.00309718
-0.00157616
-0.000583406
0.00146178
0.00379641
0.00397741
0.00149831
-0.000623072
-0.00139473
-0.00284961
-0.00403466
-0.0050791
-0.00492117
-0.0059216
-0.00556646
-0.00617983
-0.00631718
-0.00702965
-0.00775109
-0.00803981
-0.00866322
-0.00909932
-0.0089202
-0.00907143
-0.00959624
-0.00978001
-0.00972771
-0.00944437
-0.00933389
-0.00966455
-0.00966455
-0.00933389
-0.00944437
-0.00972771
-0.00978001
-0.00959624
-0.00907143
-0.0089202
-0.00909932
-0.00866322
-0.00803981
-0.00775109
-0.00702965
-0.00631718
-0.00617983
-0.00556646
-0.0059216
-0.00492117
-0.0050791
-0.00403466
-0.00284961
-0.00139473
-0.000623072
0.00149831
0.00397741
-0.00103877
0.000718054
-0.000677324
-0.00210335
-0.00278857
-0.00376919
-0.00483549
-0.00489327
-0.00540573
-0.00571722
-0.00655145
-0.00671554
-0.00765084
-0.00881824
-0.00948505
-0.00973492
-0.0101768
-0.0100881
-0.00983177
-0.010081
-0.00994752
-0.00966446
-0.00935023
-0.00900437
-0.00906161
-0.00906161
-0.00900437
-0.00935023
-0.00966446
-0.00994752
-0.010081
-0.00983177
-0.0100881
-0.0101768
-0.00973492
-0.00948505
-0.00881824
-0.00765084
-0.00671554
-0.00655145
-0.00571722
-0.00540573
-0.00489327
-0.00483549
-0.00376919
-0.00278857
-0.00210335
-0.000677324
0.000718054
-0.00103877
2.79822e-05
0.00105461
-0.000554072
-0.00170388
-0.00268815
-0.0041283
-0.00476081
-0.00510301
-0.00538682
-0.00570828
-0.00660616
-0.00737808
-0.00836249
-0.00959926
-0.010401
-0.0109695
-0.0111849
-0.0108308
-0.0102666
-0.0101916
-0.00995609
-0.0093197
-0.00884464
-0.00851631
-0.00815209
-0.00815209
-0.00851631
-0.00884464
-0.0093197
-0.00995609
-0.0101916
-0.0102666
-0.0108308
-0.0111849
-0.0109695
-0.010401
-0.00959926
-0.00836249
-0.00737808
-0.00660616
-0.00570828
-0.00538682
-0.00510301
-0.00476081
-0.0041283
-0.00268815
-0.00170388
-0.000554072
0.00105461
2.79822e-05
0.00283704
0.000875691
-0.00130593
-0.00259923
-0.00303806
-0.00465099
-0.00477273
-0.00543664
-0.00564695
-0.00552837
-0.00627365
-0.00791896
-0.00869891
-0.00982962
-0.010911
-0.0111116
-0.0113349
-0.0111021
-0.0104547
-0.00985239
-0.00954922
-0.00860401
-0.0079185
-0.00765523
-0.00710341
-0.00710341
-0.00765523
-0.0079185
-0.00860401
-0.00954922
-0.00985239
-0.0104547
-0.0111021
-0.0113349
-0.0111116
-0.010911
-0.00982962
-0.00869891
-0.00791896
-0.00627365
-0.00552837
-0.00564695
-0.00543664
-0.00477273
-0.00465099
-0.00303806
-0.00259923
-0.00130593
0.000875691
0.00283704
0.00247144
0.000967005
-0.00200654
-0.00268524
-0.00366118
-0.00496641
-0.00493771
-0.00587554
-0.00568399
-0.00578693
-0.006301
-0.00803982
-0.00909104
-0.0100314
-0.0108595
-0.010964
-0.0110881
-0.0111756
-0.010571
-0.0097795
-0.00913971
-0.00799474
-0.00718071
-0.00669705
-0.00613826
-0.00613826
-0.00669705
-0.00718071
-0.00799474
-0.00913971
-0.0097795
-0.010571
-0.0111756
-0.0110881
-0.010964
-0.0108595
-0.0100314
-0.00909104
-0.00803982
-0.006301
-0.00578693
-0.00568399
-0.00587554
-0.00493771
-0.00496641
-0.00366118
-0.00268524
-0.00200654
0.000967005
0.00247144
0.00279142
-0.000385394
-0.00194757
-0.0027544
-0.00412841
-0.00543168
-0.00516948
-0.00628751
-0.00563721
-0.00656776
-0.0065888
-0.00813301
-0.00891413
-0.00967317
-0.0105067
-0.0109836
-0.0107927
-0.0106871
-0.0103493
-0.00938474
-0.00850758
-0.00739875
-0.00600881
-0.00542116
-0.00461609
-0.00461609
-0.00542116
-0.00600881
-0.00739875
-0.00850758
-0.00938474
-0.0103493
-0.0106871
-0.0107927
-0.0109836
-0.0105067
-0.00967317
-0.00891413
-0.00813301
-0.0065888
-0.00656776
-0.00563721
-0.00628751
-0.00516948
-0.00543168
-0.00412841
-0.0027544
-0.00194757
-0.000385394
0.00279142
0.00549781
-0.00280199
-0.0014114
-0.00385275
-0.00456557
-0.00612546
-0.00566809
-0.00653134
-0.00654979
-0.00585166
-0.00690709
-0.00798851
-0.00827264
-0.00955011
-0.0101774
-0.00975749
-0.0105367
-0.0100957
-0.0100582
-0.00877734
-0.0080522
-0.00699604
-0.00532697
-0.00479486
-0.00378592
-0.00378592
-0.00479486
-0.00532697
-0.00699604
-0.0080522
-0.00877734
-0.0100582
-0.0100957
-0.0105367
-0.00975749
-0.0101774
-0.00955011
-0.00827264
-0.00798851
-0.00690709
-0.00585166
-0.00654979
-0.00653134
-0.00566809
-0.00612546
-0.00456557
-0.00385275
-0.0014114
-0.00280199
0.00549781
-0.00436537
-0.00167046
-0.000748244
-0.00313313
-0.00343766
-0.00639665
-0.00715268
-0.0064086
-0.00583948
-0.00646723
-0.006846
-0.00690647
-0.00769759
-0.00889225
-0.00934168
-0.00955498
-0.0103418
-0.0101389
-0.00934364
-0.00869602
-0.00759761
-0.00582905
-0.00457814
-0.00341541
-0.00264673
-0.00264673
-0.00341541
-0.00457814
-0.00582905
-0.00759761
-0.00869602
-0.00934364
-0.0101389
-0.0103418
-0.00955498
-0.00934168
-0.00889225
-0.00769759
-0.00690647
-0.006846
-0.00646723
-0.00583948
-0.0064086
-0.00715268
-0.00639665
-0.00343766
-0.00313313
-0.000748244
-0.00167046
-0.00436537
-0.00309816
-0.0100889
-0.00151966
-0.002227
-0.0108204
-0.00869007
-0.00477736
-0.00609721
-0.00715579
-0.00712138
-0.00489111
-0.0045264
-0.00888063
-0.00808034
-0.00698904
-0.010368
-0.00856697
-0.0082778
-0.00812922
-0.00715418
-0.00665307
-0.00584982
-0.00453766
-0.00380801
-0.00285756
-0.00285756
-0.00380801
-0.00453766
-0.00584982
-0.00665307
-0.00715418
-0.00812922
-0.0082778
-0.00856697
-0.010368
-0.00698904
-0.00808034
-0.00888063
-0.0045264
-0.00489111
-0.00712138
-0.00715579
-0.00609721
-0.00477736
-0.00869007
-0.0108204
-0.002227
-0.00151966
-0.0100889
-0.00309816
-0.00272302
-0.00705521
0.00492261
0.00579943
-0.00742484
-0.0120463
-0.00441729
-0.00533994
-0.0094314
0.000651581
-0.0062798
-0.0054764
-0.00721849
-0.00801226
-0.00994779
-0.00708787
-0.0117666
-0.00992611
-0.00952061
-0.00548273
-0.00654956
-0.00734947
-0.00496217
-0.00483553
-0.00418136
-0.00418136
-0.00483553
-0.00496217
-0.00734947
-0.00654956
-0.00548273
-0.00952061
-0.00992611
-0.0117666
-0.00708787
-0.00994779
-0.00801226
-0.00721849
-0.0054764
-0.0062798
0.000651581
-0.0094314
-0.00533994
-0.00441729
-0.0120463
-0.00742484
0.00579943
0.00492261
-0.00705521
-0.00272302
-0.0021248
-0.000837154
-0.0242119
-0.00215256
-0.00392166
-0.00171999
-0.00729365
-0.000921028
-0.00748776
0.00127015
-0.00591549
-0.00185846
0.00282092
-0.00425086
-0.00616493
-0.00363327
-0.0103256
-0.00719608
-2.2168e-05
-0.00306135
-0.0064939
-0.00818439
-0.00584165
-0.00124532
-0.00393056
-0.00393056
-0.00124532
-0.00584165
-0.00818439
-0.0064939
-0.00306135
-2.2168e-05
-0.00719608
-0.0103256
-0.00363327
-0.00616493
-0.00425086
0.00282092
-0.00185846
-0.00591549
0.00127015
-0.00748776
-0.000921028
-0.00729365
-0.00171999
-0.00392166
-0.00215256
-0.0242119
-0.000837154
-0.0021248
-0.0021248
-0.000837154
-0.0242119
-0.00215256
-0.00392166
-0.00171999
-0.00729365
-0.000921028
-0.00748776
0.00127015
-0.00591549
-0.00185846
0.00282092
-0.00425086
-0.00616493
-0.00363327
-0.0103256
-0.00719608
-2.2168e-05
-0.00306135
-0.0064939
-0.00818439
-0.00584165
-0.00124532
-0.00393056
-0.00393056
-0.00124532
-0.00584165
-0.00818439
-0.0064939
-0.00306135
-2.2168e-05
-0.00719608
-0.0103256
-0.00363327
-0.00616493
-0.00425086
0.00282092
-0.00185846
-0.00591549
0.00127015
-0.00748776
-0.000921028
-0.00729365
-0.00171999
-0.00392166
-0.00215256
-0.0242119
-0.000837154
-0.0021248
-0.00272302
-0.00705521
0.00492261
0.00579943
-0.00742484
-0.0120463
-0.00441729
-0.00533994
-0.0094314
0.000651581
-0.0062798
-0.0054764
-0.00721849
-0.00801226
-0.00994779
-0.00708787
-0.0117666
-0.00992611
-0.00952061
-0.00548273
-0.00654956
-0.00734947
-0.00496217
-0.00483553
-0.00418136
-0.00418136
-0.00483553
-0.00496217
-0.00734947
-0.00654956
-0.00548273
-0.00952061
-0.00992611
-0.0117666
-0.00708787
-0.00994779
-0.00801226
-0.00721849
-0.0054764
-0.0062798
0.000651581
-0.0094314
-0.00533994
-0.00441729
-0.0120463
-0.00742484
0.00579943
0.00492261
-0.00705521
-0.00272302
-0.00309816
-0.0100889
-0.00151966
-0.002227
-0.0108204
-0.00869007
-0.00477736
-0.00609721
-0.00715579
-0.00712138
-0.00489111
-0.0045264
-0.00888063
-0.00808034
-0.00698904
-0.010368
-0.00856697
-0.0082778
-0.00812922
-0.00715418
-0.00665307
-0.00584982
-0.00453766
-0.00380801
-0.00285756
-0.00285756
-0.00380801
-0.00453766
-0.00584982
-0.00665307
-0.00715418
-0.00812922
-0.0082778
-0.00856697
-0.010368
-0.00698904
-0.00808034
-0.00888063
-0.0045264
-0.00489111
-0.00712138
-0.00715579
-0.00609721
-0.00477736
-0.00869007
-0.0108204
-0.002227
-0.00151966
-0.0100889
-0.00309816
-0.00436537
-0.00167046
-0.000748244
-0.00313313
-0.00343766
-0.00639665
-0.00715268
-0.0064086
-0.00583948
-0.00646723
-0.006846
-0.00690647
-0.00769759
-0.00889225
-0.00934168
-0.00955498
-0.0103418
-0.0101389
-0.00934364
-0.00869602
-0.00759761
-0.00582905
-0.00457814
-0.00341541
-0.00264673
-0.00264673
-0.00341541
-0.00457814
-0.00582905
-0.00759761
-0.00869602
-0.00934364
-0.0101389
-0.0103418
-0.00955498
-0.00934168
-0.00889225
-0.00769759
-0.00690647
-0.006846
-0.00646723
-0.00583948
-0.0064086
-0.00715268
-0.00639665
-0.00343766
-0.00313313
-0.000748244
-0.00167046
-0.00436537
0.00549781
-0.00280199
-0.0014114
-0.00385275
-0.00456557
-0.00612546
-0.00566809
-0.00653134
-0.00654979
-0.00585166
-0.00690709
-0.00798851
-0.00827264
-0.00955011
-0.0101774
-0.00975749
-0.0105367
-0.0100957
-0.0100582
-0.00877734
-0.0080522
-0.00699604
-0.00532697
-0.00479486
-0.00378592
-0.00378592
-0.00479486
-0.00532697
-0.00699604
-0.0080522
-0.00877734
-0.0100582
-0.0100957
-0.0105367
-0.00975749
-0.0101774
-0.00955011
-0.00827264
-0.00798851
-0.00690709
-0.00585166
-0.00654979
-0.00653134
-0.00566809
-0.00612546
-0.00456557
-0.00385275
-0.0014114
-0.00280199
0.00549781
0.00279142
-0.000385394
-0.00194757
-0.0027544
-0.00412841
-0.00543168
-0.00516948
-0.00628751
-0.00563721
-0.00656776
-0.0065888
-0.00813301
-0.00891413
-0.00967317
-0.0105067
-0.0109836
-0.0107927
-0.0106871
-0.0103493
-0.00938474
-0.00850758
-0.00739875
-0.00600881
-0.00542116
-0.00461609
-0.00461609
-0.00542116
-0.00600881
-0.00739875
-0.00850758
-0.00938474
-0.0103493
-0.0106871
-0.0107927
-0.0109836
-0.0105067
-0.00967317
-0.00891413
-0.00813301
-0.0065888
-0.00656776
-0.00563721
-0.00628751
-0.00516948
-0.00543168
-0.00412841
-0.0027544
-0.00194757
-0.000385394
0.00279142
0.00247144
0.000967005
-0.00200654
-0.00268524
-0.00366118
-0.00496641
-0.00493771
-0.00587554
-0.00568399
-0.00578693
-0.006301
-0.00803982
-0.00909104
-0.0100314
-0.0108595
-0.010964
-0.0110881
-0.0111756
-0.010571
-0.0097795
-0.00913971
-0.00799474
-0.00718071
-0.00669705
-0.00613826
-0.00613826
-0.00669705
-0.00718071
-0.00799474
-0.00913971
-0.0097795
-0.010571
-0.0111756
-0.0110881
-0.010964
-0.0108595
-0.0100314
-0.00909104
-0.00803982
-0.006301
-0.00578693
-0.00568399
-0.00587554
-0.00493771
-0.00496641
-0.00366118
-0.00268524
-0.00200654
0.000967005
0.00247144
0.00283704
0.000875691
-0.00130593
-0.00259923
-0.00303806
-0.00465099
-0.00477273
-0.00543664
-0.00564695
-0.00552837
-0.00627365
-0.00791896
-0.00869891
-0.00982962
-0.010911
-0.0111116
-0.0113349
-0.0111021
-0.0104547
-0.00985239
-0.00954922
-0.00860401
-0.0079185
-0.00765523
-0.00710341
-0.00710341
-0.00765523
-0.0079185
-0.00860401
-0.00954922
-0.00985239
-0.0104547
-0.0111021
-0.0113349
-0.0111116
-0.010911
-0.00982962
-0.00869891
-0.00791896
-0.00627365
-0.00552837
-0.00564695
-0.00543664
-0.00477273
-0.00465099
-0.00303806
-0.00259923
-0.00130593
0.000875691
0.00283704
2.79822e-05
0.00105461
-0.000554072
-0.00170388
-0.00268815
-0.0041283
-0.00476081
-0.00510301
-0.00538682
-0.00570828
-0.00660616
-0.00737808
-0.00836249
-0.00959926
-0.010401
-0.0109695
-0.0111849
-0.0108308
-0.0102666
-0.0101916
-0.00995609
-0.0093197
-0.00884464
-0.00851631
-0.00815209
-0.00815209
-0.00851631
-0.00884464
-0.0093197
-0.00995609
-0.0101916
-0.0102666
-0.0108308
-0.0111849
-0.0109695
-0.010401
-0.00959926
-0.00836249
-0.00737808
-0.00660616
-0.00570828
-0.00538682
-0.00510301
-0.00476081
-0.0041283
-0.00268815
-0.00170388
-0.000554072
0.00105461
2.79822e-05
-0.00103877
0.000718054
-0.000677324
-0.00210335
-0.00278857
-0.00376919
-0.00483549
-0.00489327
-0.00540573
-0.00571722
-0.00655145
-0.00671554
-0.00765084
-0.00881824
-0.00948505
-0.00973492
-0.0101768
-0.0100881
-0.00983177
-0.010081
-0.00994752
-0.00966446
-0.00935023
-0.00900437
-0.00906161
-0.00906161
-0.00900437
-0.00935023
-0.00966446
-0.00994752
-0.010081
-0.00983177
-0.0100881
-0.0101768
-0.00973492
-0.00948505
-0.00881824
-0.00765084
-0.00671554
-0.00655145
-0.00571722
-0.00540573
-0.00489327
-0.00483549
-0.00376919
-0.00278857
-0.00210335
-0.000677324
0.000718054
-0.00103877
0.00397741
0.00149831
-0.000623072
-0.00139473
-0.00284961
-0.00403466
-0.0050791
-0.00492117
-0.0059216
-0.00556646
-0.00617983
-0.00631718
-0.00702965
-0.00775109
-0.00803981
-0.00866322
-0.00909932
-0.0089202
-0.00907143
-0.00959624
-0.00978001
-0.00972771
-0.00944437
-0.00933389
-0.00966455
-0.00966455
-0.00933389
-0.00944437
-0.00972771
-0.00978001
-0.00959624
-0.00907143
-0.0089202
-0.00909932
-0.00866322
-0.00803981
-0.00775109
-0.00702965
-0.00631718
-0.00617983
-0.00556646
-0.0059216
-0.00492117
-0.0050791
-0.00403466
-0.00284961
-0.00139473
-0.000623072
0.00149831
0.00397741
0.00379641
0.00146178
-0.000583406
-0.00157616
-0.00309718
-0.00386562
-0.0045407
-0.00479671
-0.00561765
-0.00515073
-0.00538986
-0.00547118
-0.00606328
-0.00659783
-0.00714983
-0.00826937
-0.00794732
-0.00802041
-0.0088027
-0.00943159
-0.0096967
-0.00964646
-0.00941983
-0.00929421
-0.00935947
-0.00935947
-0.00929421
-0.00941983
-0.00964646
-0.0096967
-0.00943159
-0.0088027
-0.00802041
-0.00794732
-0.00826937
-0.00714983
-0.00659783
-0.00606328
-0.00547118
-0.00538986
-0.00515073
-0.00561765
-0.00479671
-0.0045407
-0.00386562
-0.00309718
-0.00157616
-0.000583406
0.00146178
0.00379641
0.00300123
0.0026546
-0.000415603
-0.00225174
-0.00287826
-0.00349722
-0.00414963
-0.00400294
-0.00464422
-0.00489927
-0.00492186
-0.00478061
-0.00516978
-0.00594984
-0.00666941
-0.00727767
-0.0069055
-0.00755806
-0.00838949
-0.00889217
-0.00893876
-0.0091579
-0.00886287
-0.00865675
-0.0089496
-0.0089496
-0.00865675
-0.00886287
-0.0091579
-0.00893876
-0.00889217
-0.00838949
-0.00755806
-0.0069055
-0.00727767
-0.00666941
-0.00594984
-0.00516978
-0.00478061
-0.00492186
-0.00489927
-0.00464422
-0.00400294
-0.00414963
-0.00349722
-0.00287826
-0.00225174
-0.000415603
0.0026546
0.00300123
0.00573024
0.00386006
-0.000118739
-0.00167767
-0.00216251
-0.00232513
-0.00282617
-0.00328879
-0.00366548
-0.00393805
-0.00393315
-0.00446152
-0.00495387
-0.00616242
-0.00631599
-0.00675352
-0.00692851
-0.00770912
-0.00807999
-0.008345
-0.0085237
-0.00853022
-0.00812661
-0.00817247
